<?xml version="1.0" encoding="UTF-8" standalone="yes"?>
<svg width="500" zoomAndPan="disable" viewBox="0 0 375 374.999991" height="500" preserveAspectRatio="xMidYMid meet" version="1.2" baseProfile="tiny-ps" xmlns="http://www.w3.org/2000/svg">
  <title>bimi-svg-tiny-12-ps</title>
  <defs>
    <g/>
  </defs>
  <rect x="-37.5" width="450" fill="#ffffff" y="-37.499999" height="449.999989" fill-opacity="1"/>
  <rect x="-37.5" width="450" fill="#ffffff" y="-37.499999" height="449.999989" fill-opacity="1"/>
  <g transform="matrix(1, 0, 0, 1, 107, 73)">
    <g>
      <g>
        <g transform="matrix(1, 0, 0, 1, 26, 0)">
          <g>
            <g fill="#000000" fill-opacity="1">
              <g transform="translate(0.47335, 180.047414)">
                <g>
                  <path d="M 9.375 0 C 8.101562 0 7.113281 -0.441406 6.40625 -1.328125 C 5.707031 -2.222656 5.484375 -3.375 5.734375 -4.78125 L 32.140625 -129.140625 C 32.398438 -130.546875 33.101562 -131.691406 34.25 -132.578125 C 35.394531 -133.472656 36.609375 -133.921875 37.890625 -133.921875 L 88.78125 -133.921875 C 104.71875 -133.921875 116.515625 -130.253906 124.171875 -122.921875 C 131.828125 -115.585938 134.1875 -105.035156 131.25 -91.265625 C 129.207031 -81.953125 125.285156 -74.171875 119.484375 -67.921875 C 113.679688 -61.671875 106.757812 -57.015625 98.71875 -53.953125 L 115.5625 -6.125 C 115.6875 -5.738281 115.75 -5.414062 115.75 -5.15625 C 115.75 -4.90625 115.6875 -4.523438 115.5625 -4.015625 C 115.4375 -2.992188 114.863281 -2.066406 113.84375 -1.234375 C 112.820312 -0.410156 111.800781 0 110.78125 0 L 89.34375 0 C 87.050781 0 85.488281 -0.601562 84.65625 -1.8125 C 83.832031 -3.03125 83.226562 -4.148438 82.84375 -5.171875 L 68.875 -48.984375 L 45.734375 -48.984375 L 36.359375 -4.78125 C 36.097656 -3.375 35.394531 -2.222656 34.25 -1.328125 C 33.101562 -0.441406 31.828125 0 30.421875 0 Z M 50.890625 -73.28125 L 75.390625 -73.28125 C 82.273438 -73.28125 87.753906 -74.875 91.828125 -78.0625 C 95.910156 -81.25 98.53125 -85.710938 99.6875 -91.453125 C 100.957031 -97.191406 100.285156 -101.71875 97.671875 -105.03125 C 95.054688 -108.351562 90.242188 -110.015625 83.234375 -110.015625 L 58.546875 -110.015625 Z M 50.890625 -73.28125 "/>
                </g>
              </g>
            </g>
          </g>
        </g>
      </g>
      <g>
        <path fill="#ffffff" d="M 52.945312 29.734375 C 52.839844 29.734375 52.839844 33 52.890625 36.976562 C 52.96875 40.953125 52.996094 44.21875 52.945312 44.21875 C 52.890625 44.21875 50.46875 41.796875 47.519531 38.820312 C 44.59375 35.84375 42.09375 33.417969 41.960938 33.417969 C 41.855469 33.417969 41.75 36.976562 41.75 41.292969 L 41.75 49.167969 L 39.460938 50.433594 C 36.402344 52.066406 32.558594 54.699219 28.84375 57.675781 C 25.183594 60.601562 20.523438 63.707031 13.386719 67.976562 L 8.039062 71.160156 L 8.039062 79.40625 C 8.039062 83.960938 8.089844 87.675781 8.144531 87.675781 C 8.195312 87.675781 8.90625 87.386719 9.75 87.015625 C 10.566406 86.648438 12.621094 85.859375 14.304688 85.277344 L 17.386719 84.226562 L 16.546875 85.09375 C 16.070312 85.570312 14.9375 86.4375 14.042969 87.015625 L 12.359375 88.042969 L 14.042969 89.570312 L 15.753906 91.125 L 19.707031 91.046875 L 23.683594 90.96875 L 25.238281 88.070312 C 26.078125 86.464844 26.949219 84.988281 27.1875 84.726562 C 27.398438 84.488281 28.316406 84.09375 29.214844 83.855469 C 31.242188 83.304688 32.164062 83.515625 34.480469 85.015625 C 37.007812 86.675781 38.800781 87.203125 41.882812 87.226562 C 43.910156 87.253906 44.9375 87.121094 46.359375 86.699219 C 50.390625 85.4375 53.578125 82.699219 55.472656 78.878906 C 57.527344 74.664062 57.5 70.53125 55.3125 64.894531 C 54.917969 63.867188 56.472656 65.921875 57.394531 67.660156 C 58.738281 70.1875 59.238281 72.164062 59.238281 74.902344 C 59.238281 78.429688 58.265625 81.25 55.894531 84.515625 C 54.445312 86.542969 47.28125 93.601562 41.644531 98.605469 C 29.265625 109.589844 24.023438 116.121094 21.101562 124.285156 C 19.074219 129.867188 18.863281 135.820312 20.441406 142.484375 L 20.765625 143.902344 C 20.554688 143.925781 20.472656 143.957031 20.523438 143.984375 C 20.621094 144.050781 20.726562 144.125 20.832031 144.199219 L 20.96875 144.800781 L 21.589844 144.800781 C 22.441406 145.539062 23.269531 146.449219 23.605469 147.09375 C 25.5 150.832031 22.128906 156.074219 15.648438 159.417969 C 14.148438 160.210938 12.382812 161.15625 11.726562 161.527344 L 10.539062 162.210938 L 10.972656 162.273438 C 10.683594 162.277344 9.8125 162.285156 9.777344 162.289062 L 9.039062 162.394531 L 9.144531 164.292969 C 9.222656 165.871094 9.382812 166.453125 10.015625 167.503906 C 10.460938 168.191406 11.277344 169.113281 11.855469 169.507812 L 12.710938 170.082031 C 11.914062 170.101562 11.339844 170.121094 11.226562 170.140625 C 7.589844 170.746094 5.0625 173.511719 4.851562 177.09375 C 4.824219 177.515625 4.824219 178.355469 4.824219 178.9375 L 4.878906 179.988281 L 50.835938 180.042969 L 96.796875 180.09375 L 96.796875 178.066406 C 96.769531 173.957031 94.53125 171.167969 90.503906 170.21875 C 90.191406 170.140625 89.386719 170.082031 87.878906 170.035156 C 88.820312 169.960938 89.132812 169.859375 89.394531 169.71875 C 91.503906 168.664062 92.582031 166.664062 92.582031 163.871094 L 92.582031 162.054688 L 90.871094 162.058594 C 90.367188 161.726562 89.417969 161.191406 88.316406 160.632812 C 84.285156 158.578125 82.101562 157.074219 80.441406 155.285156 C 77.832031 152.414062 77.175781 149.675781 78.464844 146.910156 C 78.8125 146.152344 79.480469 145.320312 80.109375 144.777344 L 80.992188 144.777344 L 81.125 144.1875 C 81.148438 144.183594 81.179688 144.171875 81.203125 144.171875 C 81.363281 144.171875 81.574219 144.039062 81.652344 143.90625 C 81.664062 143.882812 81.515625 143.863281 81.207031 143.84375 C 81.667969 141.804688 82.546875 139.019531 84.050781 134.6875 C 89.371094 119.386719 91.476562 111.011719 92.320312 101.632812 C 93.875 84.277344 89.316406 67.683594 79.835938 56.070312 C 76.359375 51.804688 71.460938 47.457031 67.296875 44.929688 L 65.324219 43.71875 L 65.136719 45.746094 C 64.980469 47.667969 63.925781 51.515625 63.347656 52.382812 C 63.085938 52.777344 63.109375 52.09375 63.503906 49.589844 C 63.691406 48.300781 63.136719 44.007812 62.558594 42.242188 C 61.792969 39.898438 60.003906 37.027344 57.738281 34.472656 C 55.816406 32.261719 53.234375 29.734375 52.945312 29.734375 Z M 43.777344 57.574219 C 44.277344 57.566406 44.609375 57.570312 44.648438 57.597656 C 44.699219 57.625 43.804688 58.625 42.621094 59.808594 L 40.484375 61.945312 L 37.746094 62.050781 C 36.273438 62.101562 35.167969 62.074219 35.296875 61.945312 C 35.457031 61.839844 36.402344 60.835938 37.40625 59.757812 L 39.25 57.78125 L 41.882812 57.652344 C 42.605469 57.609375 43.277344 57.585938 43.777344 57.574219 Z M 14.578125 73.246094 C 14.828125 73.273438 15.042969 73.425781 15.359375 73.714844 C 15.753906 74.113281 15.941406 74.585938 15.941406 75.269531 C 15.941406 76.164062 15.859375 76.324219 15.226562 76.480469 C 14.808594 76.5625 14.070312 76.984375 13.515625 77.402344 L 12.570312 78.167969 L 12.699219 76.535156 C 12.859375 74.164062 12.964844 73.820312 13.621094 73.503906 C 14.054688 73.308594 14.332031 73.214844 14.578125 73.246094 Z M 14.578125 73.246094 " fill-opacity="1" fill-rule="nonzero"/>
      </g>
      <g>
        <path fill="#ffffff" d="M 46.886719 132.003906 L 46.886719 77.824219 C 46.886719 77.339844 47.277344 76.949219 47.757812 76.949219 L 54.246094 76.949219 C 54.726562 76.949219 55.121094 77.339844 55.121094 77.824219 L 55.121094 132.003906 C 55.121094 132.488281 54.726562 132.878906 54.246094 132.878906 L 47.757812 132.878906 C 47.277344 132.878906 46.886719 132.488281 46.886719 132.003906 " fill-opacity="1" fill-rule="nonzero"/>
      </g>
      <g>
        <path fill="#ffffff" d="M 60.867188 77.34375 L 60.867188 44.054688 C 60.867188 43.757812 61.109375 43.515625 61.40625 43.515625 L 65.390625 43.515625 C 65.6875 43.515625 65.929688 43.757812 65.929688 44.054688 L 65.929688 77.34375 C 65.929688 77.640625 65.6875 77.882812 65.390625 77.882812 L 61.40625 77.882812 C 61.109375 77.882812 60.867188 77.640625 60.867188 77.34375 " fill-opacity="1" fill-rule="nonzero"/>
      </g>
      <g>
        <path fill="#d1a82f" d="M 49.019531 29.734375 C 48.914062 29.734375 48.914062 33 48.964844 36.976562 C 49.042969 40.953125 49.070312 44.21875 49.019531 44.21875 C 48.964844 44.21875 46.542969 41.796875 43.59375 38.820312 C 40.667969 35.84375 38.167969 33.417969 38.035156 33.417969 C 37.929688 33.417969 37.824219 36.976562 37.824219 41.292969 L 37.824219 49.167969 L 35.535156 50.433594 C 32.476562 52.066406 28.632812 54.699219 24.917969 57.675781 C 21.257812 60.601562 16.597656 63.707031 9.460938 67.976562 L 4.113281 71.160156 L 4.113281 79.40625 C 4.113281 83.960938 4.164062 87.675781 4.21875 87.675781 C 4.269531 87.675781 4.980469 87.386719 5.824219 87.015625 C 6.640625 86.648438 8.695312 85.859375 10.378906 85.277344 L 13.460938 84.226562 L 12.621094 85.09375 C 12.144531 85.570312 11.011719 86.4375 10.117188 87.015625 L 8.433594 88.042969 L 10.117188 89.570312 L 11.828125 91.125 L 15.78125 91.046875 L 19.757812 90.96875 L 21.3125 88.070312 C 22.152344 86.464844 23.023438 84.988281 23.261719 84.726562 C 23.472656 84.488281 24.390625 84.09375 25.289062 83.855469 C 27.316406 83.304688 28.238281 83.515625 30.554688 85.015625 C 33.082031 86.675781 34.875 87.203125 37.957031 87.226562 C 39.984375 87.253906 41.011719 87.121094 42.433594 86.699219 C 46.464844 85.4375 49.652344 82.699219 51.546875 78.878906 C 53.601562 74.664062 53.574219 70.53125 51.390625 64.894531 C 50.992188 63.867188 52.546875 65.921875 53.46875 67.660156 C 54.8125 70.1875 55.3125 72.164062 55.3125 74.902344 C 55.3125 78.429688 54.339844 81.25 51.96875 84.515625 C 50.519531 86.542969 43.355469 93.601562 37.71875 98.605469 C 25.339844 109.589844 20.097656 116.121094 17.175781 124.285156 C 15.148438 129.867188 14.9375 135.820312 16.515625 142.484375 L 16.839844 143.902344 C 16.628906 143.925781 16.546875 143.957031 16.597656 143.984375 C 16.695312 144.050781 16.800781 144.125 16.90625 144.199219 L 17.042969 144.800781 L 17.664062 144.800781 C 18.515625 145.539062 19.34375 146.449219 19.679688 147.09375 C 21.574219 150.832031 18.203125 156.074219 11.722656 159.417969 C 10.222656 160.210938 8.457031 161.15625 7.800781 161.527344 L 6.613281 162.210938 L 7.046875 162.273438 C 6.757812 162.277344 5.886719 162.285156 5.851562 162.289062 L 5.113281 162.394531 L 5.21875 164.292969 C 5.296875 165.871094 5.457031 166.453125 6.089844 167.503906 C 6.535156 168.191406 7.351562 169.113281 7.929688 169.507812 L 8.785156 170.082031 C 7.988281 170.101562 7.414062 170.121094 7.300781 170.140625 C 3.664062 170.746094 1.136719 173.511719 0.925781 177.09375 C 0.898438 177.515625 0.898438 178.355469 0.898438 178.9375 L 0.953125 179.988281 L 46.910156 180.042969 L 92.871094 180.09375 L 92.871094 178.066406 C 92.84375 173.957031 90.605469 171.167969 86.578125 170.21875 C 86.265625 170.140625 85.460938 170.082031 83.953125 170.035156 C 84.894531 169.960938 85.207031 169.859375 85.46875 169.71875 C 87.578125 168.664062 88.65625 166.664062 88.65625 163.871094 L 88.65625 162.054688 L 86.945312 162.058594 C 86.441406 161.726562 85.492188 161.191406 84.390625 160.632812 C 80.359375 158.578125 78.175781 157.074219 76.515625 155.285156 C 73.90625 152.414062 73.25 149.675781 74.539062 146.910156 C 74.886719 146.152344 75.554688 145.320312 76.183594 144.777344 L 77.066406 144.777344 L 77.199219 144.1875 C 77.222656 144.183594 77.253906 144.171875 77.277344 144.171875 C 77.4375 144.171875 77.648438 144.039062 77.726562 143.90625 C 77.738281 143.882812 77.589844 143.863281 77.28125 143.84375 C 77.742188 141.804688 78.621094 139.019531 80.125 134.6875 C 85.445312 119.386719 87.550781 111.011719 88.394531 101.632812 C 89.949219 84.277344 85.390625 67.683594 75.910156 56.070312 C 72.433594 51.804688 67.535156 47.457031 63.371094 44.929688 L 61.398438 43.71875 L 61.210938 45.746094 C 61.054688 47.667969 60 51.515625 59.421875 52.382812 C 59.160156 52.777344 59.183594 52.09375 59.578125 49.589844 C 59.765625 48.300781 59.210938 44.007812 58.632812 42.242188 C 57.867188 39.898438 56.078125 37.027344 53.8125 34.472656 C 51.890625 32.261719 49.308594 29.734375 49.019531 29.734375 Z M 39.851562 57.574219 C 40.351562 57.566406 40.683594 57.570312 40.722656 57.597656 C 40.773438 57.625 39.878906 58.625 38.695312 59.808594 L 36.5625 61.945312 L 33.820312 62.050781 C 32.347656 62.101562 31.242188 62.074219 31.371094 61.945312 C 31.53125 61.839844 32.476562 60.835938 33.480469 59.757812 L 35.324219 57.78125 L 37.957031 57.652344 C 38.679688 57.609375 39.351562 57.585938 39.851562 57.574219 Z M 10.652344 73.246094 C 10.902344 73.273438 11.117188 73.425781 11.433594 73.714844 C 11.828125 74.113281 12.015625 74.585938 12.015625 75.269531 C 12.015625 76.164062 11.933594 76.324219 11.300781 76.480469 C 10.882812 76.5625 10.144531 76.984375 9.589844 77.402344 L 8.644531 78.167969 L 8.773438 76.535156 C 8.933594 74.164062 9.039062 73.820312 9.695312 73.503906 C 10.128906 73.308594 10.40625 73.214844 10.652344 73.246094 Z M 10.652344 73.246094 " fill-opacity="1" fill-rule="nonzero"/>
      </g>
    </g>
  </g>
</svg>
